    0.10000000000000E+00   0.10000000000000E+03    0
     0  -8.89292239273509    -3   4.53732094217489    -1  -4.57393901841828    -3  -8.79985996026780    -1  13w
     1  -4.57393901841828    -3  -8.79985996026780    -1   8.89292239273509    -3  -4.53732094217489    -1  13w
     2  -9.72685961791899    -3   2.65858538465999    -1  -2.73043604467726    -3  -9.43272620681667    -1  13w
     3  -2.73043604467726    -3  -9.43272620681667    -1   9.72685961791899    -3  -2.65858538465999    -1  13w
     4  -1.01846208422096    -2   6.90485696425682    -2  -7.15759086475272    -4  -9.67298450331192    -1  13w
     5  -7.15759086475272    -4  -9.67298450331192    -1   1.01846208422096    -2  -6.90485696425682    -2  12w
     6  -1.02266324230465    -2  -1.28557162837594    -1   1.39496815609629    -3  -9.50621529009380    -1  13w
     7   1.39496815609629    -3  -9.50621529009380    -1   1.02266324230465    -2   1.28557162837594    -1  13w
     8  -9.82771969064881    -3  -3.18508141449357    -1   3.51673302674179    -3  -8.93481120248445    -1  13w
     9   3.51673302674179    -3  -8.93481120248445    -1   9.82771969064881    -3   3.18508141449357    -1  13w
    10  -8.97962823596939    -3  -4.92387579700050    -1   5.55717244468168    -3  -7.97884636281232    -1  13w
    11   5.55717244468168    -3  -7.97884636281232    -1   8.97962823596939    -3   4.92387579700050    -1  13w
    12  -7.69317249284076    -3  -6.42182883859978    -1   7.41973219092436    -3  -6.67626403535453    -1  13w
    13   7.41973219092436    -3  -6.67626403535453    -1   7.69317249284076    -3   6.42182883859978    -1  13w
    14  -5.99987189713615    -3  -7.60670347071180    -1   9.00741576564888    -3  -5.08230188013615    -1  13w
    15   9.00741576564888    -3  -5.08230188013615    -1   5.99987189713615    -3   7.60670347071180    -1  13w
    16  -3.95293005784841    -3  -8.41799223010898    -1   1.02270649041709    -2  -3.26809427460449    -1  13w
    17   1.02270649041709    -2  -3.26809427460449    -1   3.95293005784841    -3   8.41799223010898    -1  13w
    18  -1.62741132185620    -3  -8.81058331285805    -1   1.09940841822272    -2  -1.31841675499855    -1  13w
    19   1.09940841822272    -2  -1.31841675499855    -1   1.62741132185620    -3   8.81058331285805    -1  13w
    20   8.80527461189945    -4  -8.75806685133598    -1   1.12374898302971    -2   6.71431433096421    -2  13w
    21   1.12374898302971    -2   6.71431433096421    -2  -8.80527461189945    -4   8.75806685133598    -1  13w
    22   3.45548358205091    -3  -8.25548417276740    -1   1.09051282701488    -2   2.59957454306711    -1  13w
    23   1.09051282701488    -2   2.59957454306711    -1  -3.45548358205091    -3   8.25548417276740    -1  13w
    24   5.96585271995584    -3  -7.32131631420320    -1   9.96887342138008    -3   4.36226413851422    -1  13w
    25   9.96887342138008    -3   4.36226413851422    -1  -5.96585271995584    -3   7.32131631420320    -1  13w
    26   8.26816912914520    -3  -5.99850848513068    -1   8.42957399800313    -3   5.85922095694325    -1  13w
    27   8.42957399800313    -3   5.85922095694325    -1  -8.26816912914520    -3   5.99850848513068    -1  13w
    28   1.02128122247196    -2  -4.35433573958894    -1   6.32148334737342    -3   6.99944721889528    -1  13w
    29   6.32148334737342    -3   6.99944721889528    -1  -1.02128122247196    -2   4.35433573958894    -1  13w
    30   1.16511146956688    -2  -2.47893309355752    -1   3.71586536239495    -3   7.70728996474768    -1  13w
    31   3.71586536239495    -3   7.70728996474768    -1  -1.16511146956688    -2   2.47893309355752    -1  13w
    32   1.24438641949922    -2  -4.82341918222981    -2   7.23430965772812    -4   7.92848253278666    -1  13w
    33   7.23430965772812    -4   7.92848253278666    -1  -1.24438641949922    -2   4.82341918222981    -2  12w
    34   1.24711398092804    -2   1.51003518194318    -1  -2.50477936798113    -3   7.63583741965407    -1  13w
    35  -2.50477936798113    -3   7.63583741965407    -1  -1.24711398092804    -2  -1.51003518194318    -1  13w
    36   1.16433662953460    -2   3.36362554766799    -1  -5.77849128291445    -3   6.83421083434575    -1  13w
    37  -5.77849128291445    -3   6.83421083434575    -1  -1.16433662953460    -2  -3.36362554766799    -1  13w
    38   9.91340463458037    -3   4.94251111607640    -1  -8.87173695101123    -3   5.56430858258352    -1  13w
    39  -8.87173695101123    -3   5.56430858258352    -1  -9.91340463458037    -3  -4.94251111607640    -1  13w
    40   7.28942932378157    -3   6.11879202746277    -1  -1.15293561531631    -2   3.90485553999139    -1  13w
    41  -1.15293561531631    -2   3.90485553999139    -1  -7.28942932378157    -3  -6.11879202746277    -1  13w
    42   3.84827627564621    -3   6.78329701423543    -1  -1.34770397533547    -2   1.97260719519411    -1  13w
    43  -1.34770397533547    -2   1.97260719519411    -1  -3.84827627564621    -3  -6.78329701423543    -1  13w
    44  -2.51108598102219    -4   6.85733398209341    -1  -1.44355987638488    -2  -8.03597927113895    -3  12w
    45  -1.44355987638488    -2  -8.03597927113895    -3   2.51108598102219    -4  -6.85733398209341    -1  12w
    46  -4.75450649736035    -3   6.30504152181354    -1  -1.41403200287546    -2  -2.07268537387408    -1  13w
    47  -1.41403200287546    -2  -2.07268537387408    -1   4.75450649736035    -3  -6.30504152181354    -1  13w
    48  -9.29985624894637    -3   5.14574836789247    -1  -1.23666136706978    -2  -3.80375974970118    -1  13w
    49  -1.23666136706978    -2  -3.80375974970118    -1   9.29985624894637    -3  -5.14574836789247    -1  13w
    50  -1.34052652781640    -2   3.46556651219398    -1  -8.96388194850974    -3  -5.06852870720513    -1  13w
    51  -8.96388195239145    -3  -5.06852870618885    -1   1.34052652756555    -2  -3.46556651363819    -1  12w
    52  -1.64566129017550    -2   1.42721575091696    -1  -3.90121002086908    -3  -5.67808413301730    -1  12w
    53  -3.90121030846822    -3  -5.67808410631921    -1   1.64566128391843    -2  -1.42721584939969    -1  13w
    54  -1.76908151112986    -2  -7.23270993991930    -2   2.66717064774775    -3  -5.48763938878833    -1  12w
    55   2.66715535564830    -3  -5.48763991096188    -1   1.76908177691830    -2   7.23266208789168    -2  11w
    56  -1.61609349088605    -2  -2.65520796611128    -1   1.02951965458949    -2  -4.43501650819936    -1  12w
    57   1.02946444842766    -2  -4.43510494604254    -1   1.61613090290982    -2   2.65505034411414    -1  11w
    58  -1.06250290385004    -2  -3.96415594766605    -1   1.80210217107559    -2  -2.59498214004470    -1  12w
    59   1.80102305371694    -2  -2.59922190241718    -1   1.06450197281163    -2   3.96114488449733    -1  11w
    60   1.03022240645654    -3  -4.21698946589675    -1   2.35316950545443    -2  -2.16467015504615    -2  12w
    61   2.35822517593202    -2  -3.22285842703649    -2  -4.55297785875332    -4   4.20471454685291    -1  11w
    62   2.25906814810312    -2  -2.71228616677870    -1   1.56208407060957    -2   2.50730421200205    -1  11w
    63   2.22037900197395    -2   1.45825397219547    -1  -1.73882362503265    -2   3.31715605052392    -1  12w
    64   2.50403086246381    -2   7.37140494408220    -2  -2.17332673567704    -2   3.31423349407302    -1  12w
    65   1.28038124169586    -2   1.59679835911856    -1  -3.61811059041674    -2   3.22060095137022    -1  13w
    66   9.22392675707114    -3   1.11196276832647    -1  -4.84480435437079    -2   4.89352111741644    -1  13w
    67   4.76511154174667    -3   8.40807873595127    -2  -6.82977986672678    -2   8.72688367462724    -1  13w
    68   2.71639752716417    -3   5.08079594086205    -2  -1.04499585982041    -1   1.69031937715326     0  13w
    69   1.36590232897511    -3   3.05853695703791    -2  -1.73201176275997    -1   3.37034941293235     0  13w
    70   6.94234050226698    -4   1.66507805757314    -2  -3.07364903560981    -1   6.88978671036567     0  13w
    71   3.31338818206204    -4   8.87122589399585    -3  -5.76470480351752    -1   1.44474175181317     1  13w
    72   1.56187349706810    -4   4.45611527212519    -3  -1.13188495038023     0   3.10984231082074     1  13w
    73   7.07228482171117    -5   2.18182718131739    -3  -2.31133441021668     0   6.86914905176224     1  13w
    74   3.14323351853106    -5   1.02565058714651    -3  -4.88597635917700     0   1.55562275236907     2  13w
    75   1.35566234815528    -5   4.70120772203092    -4  -1.06559964679213     1   3.60811437860860     2  13w
    76   5.73191626215169    -6   2.08805548992611    -4  -2.39142721986217     1   8.56180924383517     2  13w
    77   2.36446694834633    -6   9.05686414693528    -5  -5.51105643337065     1   2.07645159097298     3  13w
    78   9.56553197996461    -7   3.82684380193546    -5  -1.30191459440878     2   5.14217746911504     3  13w
    79   3.78761350421181    -7   1.58185164405197    -5  -3.14828830944773     2   1.29919936532289     4  13w
    80   1.47213322596375    -7   6.39127067871476    -6  -7.78352399221064     2   3.34638818367539     4  13w
    81   5.61227834672507    -8   2.53033193433877    -6  -1.96528074752549     3   8.78106387307162     4  13w
    82   2.10223528281479    -8   9.81482917446858    -7  -5.06306451276752     3   2.34592141522519     5  13w
    83   7.73584051200529    -9   3.73574394323821    -7  -1.32979110063443     4   6.37711059501141     5  13w
    84   2.79957198573381    -9   1.39553339319692    -7  -3.55806256918374     4   1.76298198216764     6  13w
    85   9.96504266139608   -10   5.12185012479178    -8  -9.69204207948979     4   4.95418993508458     6  13w
    86   3.49137774419992   -10   1.84743409583566    -8  -2.68613109825568     5   1.41449601963354     7  13w
    87   1.20430743895092   -10   6.55380819382793    -9  -7.57026881977305     5   4.10159478983367     7  13w
    88   4.09205616931134   -11   2.28743278532460    -9  -2.16845125248424     6   1.20741343868961     8  13w
    89   1.36999538553580   -11   7.85926413288928   -10  -6.31018122129937     6   3.60705740816653     8  13w
    90   4.52124218452037   -12   2.65913375097203   -10  -1.86467271086660     7   1.09318982644862     9  13w
    91   1.47119381688691   -12   8.86383822720162   -11  -5.59319881031166     7   3.36003937723999     9  13w
    92   4.72181308298236   -13   2.91181930081233   -11  -1.70237365978320     8   1.04705237847660    10  13w
    93   1.49514408862304   -13   9.43044558232228   -12  -5.25578065819130     8   3.30707574451512    10  13w
    94   4.67220891324832   -14   3.01198128822649   -12  -1.64538469599830     9   1.05841204332853    11  13w
    95   1.44121453660617   -14   9.48995841473097   -13  -5.22172771683911     9   3.43154477339011    11  13w
    96   4.38949561885147   -15   2.95042503711743   -13  -1.67939890583377    10   1.12679222156837    12  13w
    97   1.32030813191908   -15   9.05387641023229   -14  -5.47229684416342    10   3.74642861670801    12  13w
    98   3.92292607830276   -16   2.74296521682046   -14  -1.80613883424075    11   1.26100109999501    13  13w
    99   1.15161447615887   -16   8.20633351526850   -15  -6.03661699369338    11   4.29583073676895    13  13w
   100   3.34083892379699   -17   2.42503477922066   -15  -2.04266751102565    12   1.48090059270669    14  13w
   101   9.57936625941901   -18   7.07983036103619   -16  -6.99630423223167    12   5.16498195515286    14  13w
   102   2.71538772580960   -18   2.04245456363442   -16  -2.42502625765806    13   1.82220170809958    15  13w
   103   7.61055089405233   -19   5.82362730919858   -17  -8.50461882451198    13   6.50178564445536    15  13w
   104   2.10942293271830   -19   1.64145018071211   -17  -3.01718251936053    14   2.34587157966816    16  13w
   105   5.78288357464648   -20   4.57439948915398   -18  -1.08262439035191    15   8.55738072012112    16  13w
   106   1.56829151849131   -20   1.26063012728933   -18  -3.92832987711463    15   3.15554796263207    17  13w
   107   4.20799978496707   -21   3.43606428413022   -19  -1.44118409844965    16   1.17609057613328    18  13w
   108   1.11726073327380   -21   9.26454759463569   -20  -5.34493727566386    16   4.42971579824059    18  13w
   109   2.93578277679590   -22   2.47140379034226   -20  -2.00359671788739    17   1.68585142443929    19  13w
   110   7.63559420571973   -23   6.52355187562915   -21  -7.59028236307872    17   6.48204958388260    19  13w
   111   1.96592993616971   -23   1.70415000374602   -21  -2.90551527685855    18   2.51766664620339    20  13w
   112   5.01134903494330   -24   4.40630718928727   -22  -1.12368831810812    19   9.87692964488941    20  13w
   113   1.26489919775461   -24   1.12782855710848   -22  -4.39003462357699    19   3.91318430166718    21  13w
   114   3.16172118683360   -25   2.85804337864073   -23  -1.73234039525201    20   1.56556692077115    22  13w
   115   7.82722256520177   -26   7.17143901227973   -24  -6.90378685092849    20   6.32405865842546    22  13w
   116   1.91936225305451   -26   1.78200171548500   -24  -2.77829101708638    21   2.57901849042188    23  13w
   117   4.66249731194701   -27   4.38556186841608   -25  -1.12889435322161    22   1.06169585500177    24  13w
   118   1.12211810390065   -27   1.06907234468852   -25  -4.63089140953746    22   4.41150725989531    24  13w
   119   2.67584848494141   -28   2.58167564115411   -26  -1.91762466908094    23   1.84999458296152    25  13w
   120   6.32311261122070   -29   6.17668670026707   -27  -8.01500321837347    23   7.82901400818429    25  13w
   121   1.48077495781770   -29   1.46424611832200   -27  -3.38095632818205    24   3.34313995054911    26  13w
   122   3.43698135007027   -30   3.43970524805655   -28  -1.43921979892691    25   1.44036225376460    27  13w
   123   7.90743112592692   -31   8.00792263387292   -29  -6.18192202266420    25   6.26063596578788    27  13w
   124   1.80344522849397   -31   1.84778613785161   -29  -2.67908826637991    26   2.74508361002257    28  13w
   125   4.07772555412786   -32   4.22627124898906   -30  -1.17132382579377    27   1.21407334188794    29  13w
   126   9.14150736111126   -33   9.58244738565289   -31  -5.16599258761736    27   5.41563298796762    29  13w
   127   2.03207072630797   -33   2.15400910780444   -31  -2.29815231570966    28   2.43630746496917    30  13w
   128   4.47936623184398   -34   4.80074118242984   -32  -1.03113232329557    29   1.10524356209925    31  13w
   129   9.79232489589564   -35   1.06095133068525   -32  -4.66577503991075    29   5.05582679738667    31  13w
   130   2.12314920146021   -35   2.32511754982272   -33  -2.12897766546949    30   2.33185061249639    32  13w
   131   4.56597876484851   -36   5.05349324303564   -34  -9.79537980374255    30   1.08430235637683    33  13w
   132   9.74043666633462   -37   1.08935648452888   -34  -4.54401829032078    31   5.08286689624783    33  13w
   133   2.06132243905801   -37   2.32923539863968   -35  -2.12517158899076    32   2.40183928139441    34  13w
   134   4.32780344892657   -38   4.94031328712214   -36  -1.00195988909588    33   1.14399704241977    35  13w
   135   9.01516547079295   -39   1.03950207789370   -36  -4.76186471793198    33   5.49188125954103    35  13w
   136   1.86334946243051   -39   2.16998794906631   -37  -2.28109208616636    34   2.65706882210936    36  13w
   137   3.82171781316536   -40   4.49449639505687   -38  -1.10132869971819    35   1.29550962954355    37  13w
   138   7.77848991164164   -41   9.23690618281484   -39  -5.35882327034496    35   6.36511119176707    37  13w
   139   1.57120356967063   -41   1.88374981992188   -39  -2.62767005207776    36   3.15116208183783    38  13w
   140   3.14990665093219   -42   3.81241289291144   -40  -1.29835160998509    37   1.57183632096052    39  13w
   141   6.26784171365984   -43   7.65746281964008   -41  -6.46406403563894    37   7.89930142388862    39  13w
   142   1.23799818727589   -43   1.52653166891056   -41  -3.24252341110535    38   3.99933980167472    40  13w
   143   2.42733488438496   -44   3.02057659229378   -42  -1.63869288660147    39   2.03976499313470    41  13w
   144   4.72468282066071   -45   5.93285370226057   -43  -8.34300202844054    39   1.04794527795992    42  13w
   145   9.13006780348871   -46   1.15678678290580   -43  -4.27889193646426    40   5.42298761410504    42  13w
   146   1.75169460608034   -46   2.23915698527269   -44  -2.21054223915044    41   2.82654235834805    43  13w
   147   3.33695274386429   -47   4.30311049538189   -45  -1.15026964366276    42   1.48376471076776    44  13w
   148   6.31208445221827   -48   8.21054363006743   -46  -6.02849781559452    42   7.84410554487967    44  13w
   149   1.18563230300234   -48   1.55552528868999   -46  -3.18201977438376    43   4.17606525927670    45  13w
   150   2.21159054095465   -49   2.92632020446061   -47  -1.69144193880382    44   2.23879117184095    46  13w
   151   4.09693917247033   -50   5.46675570792949   -48  -9.05416327002776    44   1.20853642606792    47  13w
   152   7.53766163974617   -51   1.01419993993995   -48  -4.88037857173397    45   6.56876188042826    47  13w
   153   1.37739329425554   -51   1.86864255689352   -49  -2.64880515094493    46   3.59470319021087    48  13w
   154   2.50002880297965   -52   3.41947868039629   -50  -1.44748993423067    47   1.98050883370570    49  13w
   155   4.50732584228140   -53   6.21507644026564   -51  -7.96394460148668    47   1.09850892210528    50  13w
   156   8.07236200658081   -54   1.12203782351013   -51  -4.41129909167195    48   6.13370121818330    50  13w
   157   1.43618552550024   -54   2.01216762891290   -52  -2.45985316003569    49   3.44757213507094    51  13w
   158   2.53845163274894   -55   3.58457198725612   -53  -1.38081473784506    50   1.95054347550366    52  13w
   159   4.45754310889991   -56   6.34377047498564   -54  -7.80233650258807    50   1.11078385198830    53  13w
   160   7.77696420203679   -57   1.11535936541310   -54  -4.43768809249000    51   6.36671713490992    53  13w
   161   1.34813014138228   -57   1.94831538329333   -55  -2.54045684439551    52   3.67277519913954    54  13w
   162   2.32209349985336   -58   3.38142968890897   -56  -1.46376123641276    53   2.13229329354842    55  13w
   163   3.97440815721369   -59   5.83119281390088   -57  -8.48814431253431    53   1.24581806681395    56  13w
   164   6.75971750322395   -60   9.99192968027465   -58  -4.95359357047458    54   7.32485378947280    56  13w
   165   1.14252606962537   -60   1.70135509740663   -58  -2.90920539999698    55   4.33372926356570    57  13w
   166   1.91912424518603   -61   2.87880748340013   -59  -1.71931862369743    56   2.58003242425849    58  13w
   167   3.20373897248553   -62   4.84083741263621   -60  -1.02246431273191    57   1.54550874567988    59  13w
   168   5.31551836038093   -63   8.08977573483998   -61  -6.11831541291631    57   9.31500901090708    59  13w
   169   8.76568280746711   -64   1.34362544259972   -61  -3.68374736392585    58   5.64863402599010    60  13w
   170   1.43679377386896   -64   2.21800792832518   -62  -2.23154011293440    59   3.44615666228331    61  13w
   171   2.34092971904664   -65   3.63921949899491   -63  -1.36006385100441    60   2.11515073360385    62  13w
   172   3.79126404592680   -66   5.93513486793766   -64  -8.33943701688871    60   1.30600815380794    63  13w
   173   6.10376288424841   -67   9.62158870245610   -65  -5.14422947316163    61   8.11208458573373    63  13w
   174   9.76889110736090   -68   1.55050538722485   -65  -3.19222619040175    62   5.06856524362402    64  13w
   175   1.55432807578503   -68   2.48385525747473   -66  -1.99269340637280    63   3.18557464295614    65  13w
   176   2.45869994324151   -69   3.95568592575505   -67  -1.25125208810121    64   2.01384062262127    66  13w
   177   3.86677757540193   -70   6.26290203013227   -68  -7.90297966414418    64   1.28050586417011    67  13w
   178   6.04628865870742   -71   9.85832903420497   -69  -5.02068591931765    65   8.18920994596545    67  13w
   179   9.40025422130869   -72   1.54283771729829   -69  -3.20808606586450    66   5.26734043535869    68  13w
   180   1.45316916975832   -72   2.40072052075267   -70  -2.06169568893234    67   3.40733553538449    69  13w
   181   2.23374317534732   -73   3.71434600333376   -71  -1.33255067271648    68   2.21665403982525    70  13w
   182   3.41432798228275   -74   5.71422437112636   -72  -8.66181165957877    68   1.45019359486733    71  13w
   183   5.18975003592495   -75   8.74140006200949   -73  -5.66219701073843    69   9.54080087606671    71  13w
   184   7.84460248813542   -76   1.32974355038984   -73  -3.72218572747376    70   6.31190381161743    72  13w
   185   1.17921409112116   -76   2.01155637585245   -74  -2.46055849338687    71   4.19893046628365    73  13w
   186   1.76289054488061   -77   3.02613292262660   -75  -1.63560294083644    72   2.80870426458333    74  13w
   187   2.62109397254438   -78   4.52740296083135   -76  -1.09324304642329    73   1.88907316776523    75  13w
   188   3.87594684830106   -79   6.73642333589146   -77  -7.34744769826786    73   1.27747837610180    76  13w
   189   5.70064865451320   -80   9.96878455798881   -78  -4.96505055173207    74   8.68574520570698    76  13w
   190   8.33940538015779   -81   1.46723963374109   -78  -3.37337680056792    75   5.93739928922867    77  13w
   191   1.21345366336236   -81   2.14792500495053   -79  -2.30434137158360    76   4.08045053267506    78  13w
   192   1.75631096461189   -82   3.12758750156885   -80  -1.58254656410984    77   2.81922583427211    79  13w
   193   2.52861311814026   -83   4.52986258650606   -81  -1.09264977700394    78   1.95816304142534    80  13w
   194   3.62141777370516   -84   6.52617255379473   -82  -7.58416036132220    78   1.36726456019463    81  13w
   195   5.15943928095207   -85   9.35282172628469   -83  -5.29204417525472    79   9.59684813699057    81  12w
   196   7.31250615838110   -86   1.33336732354011   -83  -3.71207184814442    80   6.77118717826445    82  13w
   197   1.03105524391900   -86   1.89100349829692   -84  -2.61742303152416    81   4.80229747055506    83  13w
   198   1.44631047637345   -87   2.66797905131499   -85  -1.85517085702150    82   3.42349253272493    84  13w
   199   2.01844470605457   -88   3.74482997548315   -86  -1.32170431133757    83   2.45309279978549    85  13w
   200   2.80259021308540   -89   5.22941746070498   -87  -9.46483803472701    83   1.76673391198502    86  13w
   201   3.87169670450660   -90   7.26537139695519   -88  -6.81253541329816    84   1.27887861153856    87  13w
   202   5.32173785636090   -91   1.00428569256478   -88  -4.92843934051100    85   9.30415799557430    87  13w
   203   7.27825659047930   -92   1.38122109200900   -89  -3.58346851451291    86   6.80304100667665    88  13w
   204   9.90453691565850   -93   1.89010962500158   -90  -2.61866479096430    87   4.99915000077147    89  12w
   205   1.34117357872992   -93   2.57359333879204   -91  -1.92321169513807    88   3.69186015131953    90  13w
   206   1.80713567989794   -94   3.48684901815307   -92  -1.41949539874457    89   2.73992927963461    91  13w
   207   2.42304974190394   -95   4.70086394082026   -93  -1.05290592861328    90   2.04346716474134    92  12w
   208   3.23303512566199   -96   6.30644269412274   -94  -7.84843242402416    90   1.53150862099448    93  12w
   209   4.29284942765748   -97   8.41907266406390   -95  -5.87899711807782    91   1.15341098949741    94  13w
   210   5.67255261772355   -98   1.11847885647166   -95  -4.42527086204826    92   8.72873032535374    94  13w
   211   7.45966718592913   -99   1.47871878238120   -96  -3.34720400563940    93   6.63758388142164    95  13w
   212   9.76289689571860  -100   1.94557578734792   -97  -2.54401552382983    94   5.07166586526257    96  13w
   213   1.27164671050968  -100   2.54756823326596   -98  -1.94286321739827    95   3.89370211385258    97  13w
   214   1.64851477124464  -101   3.31992944587777   -99  -1.49086850666452    96   3.00355928267733    98  13w
   215   2.12700150312978  -102   4.30593416838235  -100  -1.14947877361761    97   2.32788277985414    99  13w
   216   2.73150006912452  -103   5.55842129987166  -101  -8.90465360845155    97   1.81270669785386   100  13w
   217   3.49142633844092  -104   7.14152597884812  -102  -6.93070832830844    98   1.41816159391679   101  13w
   218   4.44204023337110  -105   9.13263088013206  -103  -5.41967060606427    99   1.11466909914576   102  12w
   219   5.62535092131735  -106   1.16245421659514  -103  -4.25787684719045   100   8.80194546705897   102  13w
   220   7.09110274626611  -107   1.47278897235679  -104  -3.36069103761185   101   6.98255486697615   103  13w
   221   8.89783542174559  -108   1.85737440127031  -105  -2.66483188520009   102   5.56472370757668   104  13w
   222   1.11140080321136  -108   2.33164329545893  -106  -2.12279141749435   103   4.45509640486547   105  13w
   223   1.38191718262728  -109   2.91365317907361  -107  -1.69875889178763   104   3.58299029472933   106  13w
   224   1.71051716831440  -110   3.62439867592298  -108  -1.36563236458156   105   2.89467656726423   107  13w
   225   2.10773505618518  -111   4.48813198949031  -109  -1.10281918003665   106   2.34915296585020   108  13w
   226   2.58557253408386  -112   5.53268474648870  -110  -8.94610878982989   106   1.91500724483532   109  13w
   227   3.15760963597411  -113   6.78978288136292  -111  -7.28977934998461   107   1.56808116451626   110  13w
   228   3.83910469093111  -114   8.29534461331715  -112  -5.96672481925881   108   1.28972420362684   111  12w
   229   4.64707831131035  -115   1.00897499430906  -112  -4.90557829078796   109   1.06548328633250   112  13w
   230   5.60037593937595  -116   1.22180685385921  -113  -4.05105585629624   110   8.84116056139692   112  13w
   231   6.71970303327822  -117   1.47302314618128  -114  -3.36017110018276   111   7.36845105920654   113  13w
   232   8.02762665555453  -118   1.76811309981324  -115  -2.79937511524460   112   6.16792297263684   114  13w
   233   9.54853706550237  -119   2.11306319737837  -116  -2.34238797804418   113   5.18548153990192   115  13w
   234   1.13085629457919  -119   2.51434774818501  -117  -1.96854864726812   114   4.37842921712819   116  12w
   235   1.33354341465533  -120   2.97890719753516  -118  -1.66155491521549   115   3.71294413707129   117  13w
   236   1.56582863361149  -121   3.51411253166226  -119  -1.40849784913196   116   3.16214051159334   118  13w
   237   1.83074027298937  -122   4.12771426741087  -120  -1.19911933733561   117   2.70457157414052   119  12w
   238   2.13138891431799  -123   4.82777471947982  -121  -1.02523923479988   118   2.32307018515600   120  13w
   239   2.47092799853002  -124   5.62258251956325  -122  -8.80311869329700   118   2.00384793636165   121  13w
   240   2.85250744758758  -125   6.52054872274654  -123  -7.59081545761911   119   1.73579280205526   122  13w
   241   3.27922042995739  -126   7.53008427567856  -124  -6.57314062323804   120   1.50991978730363   123  13w
   242   3.75404360906194  -127   8.65945913347767  -125  -5.71586781004298   121   1.31893985347291   124  13w
   243   4.27977145046893  -128   9.91664388944140  -126  -4.99123949363252   122   1.15692057246202   125  13w
   244   4.85894541314862  -129   1.13091354109011  -126  -4.37667105229731   123   1.01901814489849   126  13w
   245   5.49377910508748  -130   1.28437686396697  -127  -3.85372766822923   124   9.01265112265205   126  13w
   246   6.18608073514907  -131   1.45265173964615  -128  -3.40731410321394   125   8.00401668106570   127  13w
   247   6.93717443171902  -132   1.63622877023745  -129  -3.02503106832289   126   7.13741204418704   128  13w
   248   7.74782221406812  -133   1.83547077712797  -130  -2.69666236817709   127   6.39062821737161   129  13w
   249   8.61814858412037  -134   2.05059194075551  -131  -2.41376501288446   128   5.74525139405765   130  13w
   250   9.54756984417998  -135   2.28163760360684  -132  -2.16934064630642   129   5.18596981867870   131  13w
   251   1.05347303306393  -135   2.52846529682386  -133  -1.95757138231261   130   4.70001474871780   132  13w
   252   1.15774477764930  -136   2.79072757439249  -134  -1.77360680602283   131   4.27670828225631   133  13w
   253   1.26726699699274  -137   3.06785724612056  -135  -1.61339173781683   132   3.90709659216810   134  13w
   254   1.38164447578625  -138   3.35905558968696  -136  -1.47352656594239   133   3.58365161074537   135  13w
   255   1.50039052500363  -139   3.66328409170805  -137  -1.35115367468931   134   3.30002772915112   136  13w
   256   1.62292718117925  -140   3.97926021743325  -138  -1.24386484047528   135   3.05086283652289   137  13w
   257   1.74858720958622  -141   4.30545763849528  -139  -1.14962552277931   136   2.83161519391549   138  13w
   258   1.87661799618712  -142   4.64011125904930  -140  -1.06671280579329   137   2.63842934935950   139  13w
   259   2.00618736766891  -143   4.98122727437569  -141  -9.93664400012101   137   2.46802565298106   140  13w
   260   2.13639132914647  -144   5.32659837513366  -142  -9.29236629337801   138   2.31760900332925   141  13w
   261   2.26626365670415  -145   5.67382407821222  -143  -8.72369738458310   139   2.18479330822528   142  13w
   262   2.39478722849437  -146   6.02033602541472  -144  -8.22159180392709   140   2.06753882255298   143  13w
   263   2.52090692542325  -147   6.36342794846872  -145  -7.77831803129013   141   1.96410006804980   144  13w
   264   2.64354388236201  -148   6.70028985781393  -146  -7.38726061210494   142   1.87298247493223   145  13w
   265   2.76161082516747  -149   7.02804587823818  -147  -7.04275543879708   143   1.79290623449874   146  12w
   266   2.87402818929467  -150   7.34379503156508  -148  -6.73995244527996   144   1.72277613329957   147  12w
   267   2.97974068402391  -151   7.64465415994583  -149  -6.47470103439669   145   1.66165636689662   148  13w
   268   3.07773394361427  -152   7.92780209705805  -150  -6.24345442461176   146   1.60874951561376   149  13w
   269   3.16705089406448  -153   8.19052413225395  -151  -6.04318980440589   147   1.56337901465732   150  13w
   270   3.24680746229665  -154   8.43025577726067  -152  -5.87134175384675   148   1.52497457346721   151  13w
   271   3.31620726375044  -155   8.64462483822716  -153  -5.72574685894631   149   1.49306009962267   152  12w
   272   3.37455492448768  -156   8.83149081862311  -154  -5.60459782663780   150   1.46724376547493   153  12w
   273   3.42126772443248  -157   8.98898073045821  -155  -5.50640572325766   151   1.44720992444002   154  13w
   274   3.45588528841013  -158   9.11552047120623  -156  -5.42996922078251   152   1.43271264142032   155  12w
   275   3.47807709993437  -159   9.20986102930744  -157  -5.37434995359531   153   1.42357065044807   156  13w
   276   3.48764766766896  -160   9.27109890889067  -158  -5.33885327314320   154   1.41966359428237   157  13w
   277   3.48453923435035  -161   9.29869031026432  -159  -5.32301384570425   155   1.42092943691244   158  12w
   278   3.46883198072738  -162   9.29245876197724  -160  -5.32658567569394   156   1.42736297208008   159  13w
   279   3.44074174069705  -163   9.25259606761044  -161  -5.34953625855237   157   1.43901538017344   160  13w
   280   3.40061530621700  -164   9.17965660041239  -162  -5.39204467766368   158   1.45599481319003   161  12w
   281   3.34892345977442  -165   9.07454514592811  -163  -5.45450356280555   159   1.47846801384138   162  12w
   282   3.28625192633127  -166   8.93849865151379  -164  -5.53752492683341   160   1.50666300115796   163  13w
   283   3.21329048415030  -167   8.77306238719025  -165  -5.64194999594481   161   1.54087288200334   164  12w
   284   3.13082051337217  -168   8.58006115024133  -166  -5.76886325021338   162   1.58146087661084   165  13w
   285   3.03970129165719  -169   8.36156625272305  -167  -5.91961099840225   163   1.62886667754178   166  13w
   286   2.94085536694965  -170   8.11985911381551  -168  -6.09582492787546   164   1.68361429636107   167  13w
   287   2.83525334816729  -171   7.85739233589345  -169  -6.29945120053979   165   1.74632159198923   168  13w
   288   2.72389845541972  -172   7.57674917343932  -170  -6.53278581348871   166   1.81771172045628   169  13w
   289   2.60781116261353  -173   7.28060230756209  -171  -6.79851711336598   167   1.89862679922364   170  13w
   290   2.48801424773040  -174   6.97167281696140  -172  -7.09977655222948   168   1.99004414221449   171  13w
   291   2.36551854063899  -175   6.65269019051341  -173  -7.44019900684146   169   2.09309549645052   172  13w
   292   2.24130962623287  -176   6.32635415987462  -174  -7.82399426113688   170   2.20908980043694   173  12w
   293   2.11633572333278  -177   5.99529904576328  -175  -8.25603158320696   171   2.33954009147167   174  12w
   294   1.99149691861123  -178   5.66206121250217  -176  -8.74193972574665   172   2.48619531791412   175  13w
   295   1.86763589130264  -179   5.32905011591144  -177  -9.28822515747195   173   2.65107796806841   176  13w
   296   1.74553022012122  -180   4.99852331370265  -178  -9.90241191093067   174   2.83652861581426   177  13w
   297   1.62588632004081  -181   4.67256568913669  -179  -1.05932071319443   176   3.04525871195080   178  12w
   298   1.50933501467918  -182   4.35307302163740  -180  -1.13706972654666   177   3.28041322867696   179  12w
   299   1.39642871110320  -183   4.04173992575851  -181  -1.22465808463895   178   3.54564510422469   180  12w
   300   1.28764010887187  -184   3.74005207542973  -182  -1.32344451243221   179   3.84520384962968   181  13w
   301   1.18336234479601  -185   3.44928253630240  -183  -1.43500952916202   180   4.18404118773708   182  12w
   302   1.08391044973159  -186   3.17049194726480  -184  -1.56119469696480   181   4.56793721787296   183  13w
   303   9.89523974038409  -188   2.90453222421358  -185  -1.70414949215036   182   5.00365136579292   184  12w
   304   9.00370624218554  -189   2.65205340578323  -186  -1.86638738025014   183   5.49910332203916   185  12w
   305   8.16550744600517  -190   2.41351322222774  -187  -2.05085302605919   184   6.06359033594747   186  12w
   306   7.38102474481768  -191   2.18918894476546  -188  -2.26100300179586   185   6.70804867152511   187  13w
   307   6.65007412476254  -192   1.97919106275710  -189  -2.50090289034880   186   7.44536881351671   188  13w
   308   5.97196625399829  -193   1.78347833898134  -190  -2.77534434167162   187   8.29077622317340   189  12w
   309   5.34556848261265  -194   1.60187380762416  -191  -3.08998646059891   188   9.26229219206132   190  13w
   310   4.76936734143459  -195   1.43408130377843  -192  -3.45152692391079   189   1.03812927658707   192  13w
   311   4.24153027272486  -196   1.27970214549071  -193  -3.86790949423473   190   1.16731879824425   193  13w
   312   3.75996548701684  -197   1.13825162787062  -194  -4.34857618275204   191   1.31682490096511   194  12w
   313   3.32237901128322  -198   1.00917503166462  -195  -4.90477429340921   192   1.49026174597651   195  12w
   314   2.92632816804279  -199   8.91862894238184  -197  -5.54993106235379   193   1.69195395546776   196  12w
   315   2.56927089757009  -200   7.85665337482280  -198  -6.30011171995006   194   1.92708783766710   197  12w
   316   2.24861050131472  -201   6.89905293295247  -199  -7.17458071791606   195   2.20189707450476   198  13w
   317   1.96173554009382  -202   6.03890511725534  -200  -8.19649079672645   196   2.52389120563330   199  13w
   318   1.70605476253228  -203   5.26924278541002  -201  -9.39373079506815   197   2.90213736730298   200  13w
   319   1.47902706537852  -204   4.58314807092051  -202  -1.07999709786815   199   3.34760843747551   201  13w
   320   1.27818659629147  -205   3.97383303252799  -203  -1.24559546466937   200   3.87361415829660   202  12w
   321   1.10116320078970  -206   3.43470731566528  -204  -1.44110974473781   201   4.49633615846556   203  13w
   322   9.45698488246862  -208   2.95943335296194  -205  -1.67254719607463   202   5.23549334600489   204  12w
   323   8.09657847634272  -209   2.54196982869887  -206  -1.94722756635637   203   6.11517122965964   205  13w
   324   6.91038783141576  -210   2.17660428348951  -207  -2.27409066542010   204   7.16485780017154   206  13w
   325   5.87975964201743  -211   1.85797584292606  -208  -2.66408051301659   205   8.42074024052460   207  12w
   326   4.98743395410207  -212   1.58108912102395  -209  -3.13062617259793   206   9.92733169218226   208  13w
   327   4.21754111133429  -213   1.34132038029402  -210  -3.69024492298785   207   1.17395165686087   210  13w
   328   3.55557789100449  -214   1.13441702988925  -211  -4.36330055558379   208   1.39251277682785   211  13w
   329   2.98836658813969  -215   9.56491516439147  -213  -5.17495879296488   209   1.65682012885146   212  12w
   330   2.50400056002361  -216   8.04010613862091  -214  -6.15639373161045   210   1.97730954007227   213  13w
   331   2.09177945247760  -217   6.73781053442702  -215  -7.34631463931060   211   2.36697156411458   214  13w
   332   1.74213700906317  -218   5.62932358295132  -216  -8.79290246912740   212   2.84201572554128   215  13w
   333   1.44656402853266  -219   4.68897661143706  -217  -1.05562715136867   214   3.42271685054041   216  13w
   334   1.19752869614956  -220   3.89393194811119  -218  -1.27116056018656   215   4.13449581495620   217  12w
   335   9.88396180772266  -222   3.22397054086769  -219  -1.53531626311212   216   5.00930273926458   218  12w
   336   8.13349069759580  -223   2.66127738406815  -220  -1.85993993444955   217   6.08739125649669   219  13w
   337   6.67309913897772  -224   2.19022899154485  -221  -2.25995445036673   218   7.41959955806115   220  12w
   338   5.45866879045730  -225   1.79718635030546  -222  -2.75420488411022   219   9.07028959880788   221  12w
   339   4.45203252899272  -226   1.47029605042057  -223  -3.36654722195904   220   1.11211429448592   223  13w
   340   3.62031335704562  -227   1.19930161993352  -224  -4.12725427491123   221   1.36760740657865   224  13w
   341   2.93531053280949  -228   9.75366503557625  -226  -5.07483532288883   222   1.68676044958491   225  13w
   342   2.37293468805900  -229   7.90909611596439  -227  -6.25839660203438   223   2.08651510646018   226  13w
   343   1.91269235187966  -230   6.39453929568657  -228  -7.74071036404141   224   2.58858275571874   227  13w
   344   1.53721920689981  -231   5.15488316131385  -229  -9.60221431361275   225   3.22085541810156   228  12w
   345   1.23186054560956  -232   4.14342322257928  -230  -1.19462353783424   227   4.01925299722745   229  12w
   346   9.84296743600056  -234   3.32073632408580  -231  -1.49058282278886   228   5.03014726758885   230  13w
   347   7.84211098669876  -235   2.65367552153490  -232  -1.86527482048197   229   6.31354998081407   231  13w
   348   6.22997074269439  -236   2.11447839588833  -233  -2.34092518685057   230   7.94731559667370   232  13w
   349   4.93501807995896  -237   1.67998093126305  -234  -2.94636518630283   231   1.00326942865523   234  12w
   350   3.89802677497933  -238   1.33092859222122  -235  -3.71908676965648   232   1.27016859199196   235  13w
   351   3.07013735719719  -239   1.05137604099870  -236  -4.70796395244858   233   1.61268015775026   236  13w
   352   2.41118915522374  -240   8.28166977476026  -238  -5.97686482626921   234   2.05340506377490   237  13w
   353   1.88829043248272  -241   6.50485812306087  -239  -7.60945673903681   235   2.62202591600257   238  12w
   354   1.47459876906705  -242   5.09473250544396  -240  -9.71561354135948   236   3.35762174153512   239  13w
   355   1.14828584777903  -243   3.97898329487569  -241  -1.24399787651713   238   4.31176900687546   240  12w
   356   8.91662939113048  -245   3.09879986339506  -242  -1.59734366175485   239   5.55270558075909   241  12w
   357   6.90445567644085  -246   2.40651800636115  -243  -2.05685137316329   240   7.17093492247026   242  13w
   358   5.33138014087970  -247   1.86364140214484  -244  -2.65601064620232   241   9.28678609173927   243  13w
   359   4.10520412212597  -248   1.43918519860080  -245  -3.43934397205963   242   1.20606357546009   245  13w
   360   3.15223200506936  -249   1.10829544799960  -246  -4.46618676719955   243   1.57067615170593   246  13w
   361   2.41375559409065  -250   8.51103468173996  -248  -5.81580990968918   244   2.05121600826281   247  13w
   362   1.84316189965199  -251   6.51779219595208  -249  -7.59437758955199   245   2.68621687618169   248  13w
   363   1.40356360900548  -252   4.97752412176885  -250  -9.94441992784209   246   3.52754307710702   249  13w
   364   1.06586566292494  -253   3.79074269196189  -251  -1.30577591545777   248   4.64517224108859   250  13w
   365   8.07193981688045  -255   2.87896672982587  -252  -1.71931893259033   249   6.13375248879903   251  13w
   366   6.09623537360193  -256   2.18048804982124  -253  -2.27007137016408   250   8.12161325916835   252  12w
   367   4.59152743552023  -257   1.64694387995469  -254  -3.00548491003334   251   1.07831766000830   254  13w
   368   3.44879631793517  -258   1.24055264009119  -255  -3.99004951254759   252   1.43560917656298   255  13w
   369   2.58342617773877  -259   9.31893246014233  -257  -5.31162550013993   253   1.91649454230044   256  12w
   370   1.92994946369793  -260   6.98127823188181  -258  -7.09020501782962   254   2.56541468939181   257  13w
   371   1.43787255984314  -261   5.21584614992060  -259  -9.49006299838578   255   3.44336444134301   258  12w
   372   1.06837230403670  -262   3.88632263394274  -260  -1.27366479209775   257   4.63426257936241   259  13w
   373   7.91691139418197  -264   2.88788820445453  -261  -1.71401155709936   258   6.25384836895167   260  12w
   374   5.85090491009771  -265   2.14019094596664  -262  -2.31281942856423   259   8.46213530114919   261  12w
   375   4.31248428004158  -266   1.58182504106331  -263  -3.12921878778211   260   1.14808846595560   263  12w
   376   3.17009560269073  -267   1.16600735293947  -264  -4.24515167595015   261   1.56181789164535   264  13w
   377   2.32413123600692  -268   8.57203971188621  -266  -5.77444769288167   262   2.13030595198115   265  12w
   378   1.69939945767249  -269   6.28507129802788  -267  -7.87561616815862   263   2.91344637270488   266  12w
   379   1.23930988334373  -270   4.59602605657838  -268  -1.07699178946044   265   3.99505227745792   267  12w
   380   9.01398881630816  -272   3.35200044999498  -269  -1.47669542681669   266   5.49269193107658   268  12w
   381   6.53897712536884  -273   2.43824882642943  -270  -2.03009843949838   267   7.57168111532010   269  12w
   382   4.73109146466039  -274   1.76891673095000  -271  -2.79825864487836   268   1.04650345518405   271  12w
   383   3.41408711530985  -275   1.27995644086274  -272  -3.86723154602547   269   1.45019796102010   272  12w
   384   2.45726825838002  -276   9.23728692405099  -274  -5.35859647095670   270   2.01488004855867   273  13w
   385   1.76399859309865  -277   6.64902725019992  -275  -7.44453362125874   271   2.80674793455181   274  13w
   386   1.26303256387524  -278   4.77352503259117  -276  -1.03694691700071   273   3.92000822057042   275  12w
   387   9.01995671611191  -280   3.41814647506267  -277  -1.44812209507687   274   5.48904703214213   276  13w
   388   6.42496666533605  -281   2.44126796941001  -278  -2.02759175160450   275   7.70602488490699   277  13w
   389   4.56474724880227  -282   1.73906768713894  -279  -2.84629298379591   276   1.08463703966504   279  12w
   390   3.23478127666595  -283   1.23565343889780  -280  -4.00589465703304   277   1.53058032884602   280  12w
   391   2.28643213856950  -284   8.75707243358295  -282  -5.65245850542583   278   2.16542234493074   281  12w
   392   1.61198051694642  -285   6.19022093407861  -283  -7.99632234529667   279   3.07143284252561   282  12w
   393   1.13358003942226  -286   4.36456710124222  -284  -1.13411053589677   281   4.36765679764937   283  12w
   394   7.95130400511516  -288   3.06949458915150  -285  -1.61261169271864   282   6.22676133452098   284  12w
   395   5.56315443274717  -289   2.15320848159660  -286  -2.29885040545120   283   8.89978153208627   285  12w
   396   3.88242676069731  -290   1.50661271854010  -287  -3.28545315625569   284   1.27525511562728   287  12w
   397   2.70263638681607  -291   1.05151706594462  -288  -4.70739561617107   285   1.83194576103737   288  13w
   398   1.87662258721398  -292   7.32036889948686  -290  -6.76182881553094   286   2.63829392028855   289  12w
   399   1.29979240975354  -293   5.08340060941612  -291  -9.73739789861984   287   3.80913184340817   290  12w
    0.10000000000000E+00   0.10000000000000E+03   50
    50   2.27832739755487    -3   6.87630085005874    -1  -1.40186737451350    -2   1.14701811624268    -1  11w
    51  -1.40186737451350    -2   1.14701811624268    -1  -2.27832739755487    -3  -6.87630085005874    -1  11w
    52  -1.89173303796251    -3   6.71222964309709    -1  -1.45134484849856    -2  -8.41715936475926    -2  11w
    53  -1.45134484849856    -2  -8.41715936475926    -2   1.89173303796251    -3  -6.71222964309709    -1  11w
    54  -6.32502909488613    -3   5.96044415745004    -1  -1.37446572201796    -2  -2.70127439883783    -1  11w
    55  -1.37446572201796    -2  -2.70127439883783    -1   6.32502909488613    -3  -5.96044415745004    -1  11w
    56  -1.06545322255800    -2   4.66188532555990    -1  -1.15329238877123    -2  -4.24652452113702    -1  12w
    57  -1.15329238877123    -2  -4.24652452113702    -1   1.06545322255800    -2  -4.66188532555990    -1  12w
    58  -1.44084885607758    -2   2.91920649718660    -1  -7.77783202950904    -3  -5.29582286675376    -1  12w
    59  -7.77783202950904    -3  -5.29582286675376    -1   1.44084885607758    -2  -2.91920649718660    -1  12w
    60  -1.70024062732367    -2   9.03303354461188    -2  -2.49926252727598    -3  -5.69050681478105    -1  12w
    61  -2.49926255585072    -3  -5.69050681308612    -1   1.70024062695834    -2  -9.03303363981808    -2  12w
    62  -1.77271865650774    -2  -1.14351121231884    -1   4.10443537178950    -3  -5.32044003575963    -1  12w
    63   4.10443264182390    -3  -5.32044019442410    -1   1.77271872630019    -2   1.14351038292398    -1  12w
    64  -1.57200275112903    -2  -2.90950852442705    -1   1.15629031592089    -2  -4.15823290603702    -1  13w
    65   1.15627443664837    -2  -4.15826181802099    -1   1.57201515297407    -2   2.90946457382430    -1  13w
    66  -9.86373719659076    -3  -4.02584760341932    -1   1.89385632908701    -2  -2.30806345501698    -1  13w
    67   1.89341111642871    -2  -2.31000223626864    -1   9.87316467752519    -3   4.02463405040616    -1  13w
    68   1.73419779400147    -3  -4.11119732438598    -1   2.41060008734600    -2  -5.45643079727608    -3  12w
    69   2.41516606850709    -2  -1.19570348719700    -2  -1.36444109802351    -3   4.10626204885769    -1  12w
    70   2.31739227939004    -2  -2.64304355934763    -1   1.67294369062620    -2   2.36443656996632    -1  12w
    71   2.24660158554583    -2   1.52505651387100    -1  -1.87637752838240    -2   3.13335856796098    -1  12w
    72   2.62773545254612    -2   6.56034078060672    -2  -2.32378019956560    -2   3.18772998631050    -1  13w
    73   1.23552170712863    -2   1.51526046608735    -1  -3.92817325231144    -2   3.19604620708598    -1  13w
    74   8.66496027044380    -3   9.82787755160471    -2  -5.41483692264225    -2   5.28491133521575    -1  13w
    75   4.13922365070048    -3   7.10988983019592    -2  -8.00299876736350    -2   1.01732752314134     0  13w
    76   2.22350436153708    -3   3.99348476100613    -2  -1.30588390073257    -1   2.10746725882378     0  13w
    77   1.03468528906212    -3   2.25354640890145    -2  -2.32832302584941    -1   4.49799195421356     0  13w
    78   4.88895240193990    -4   1.13558431938754    -2  -4.46338065570790    -1   9.88441820994787     0  13w
    79   2.15074825704402    -4   5.61038492375787    -3  -9.06693387539780    -1   2.23833318070535     1  13w
    80   9.34941993454153    -5   2.59621780360691    -3  -1.93266687873803     0   5.22317531374025     1  13w
    81   3.88534931021911    -5   1.17054873102934    -3  -4.29384903384532     0   1.25466983068654     2  13w
    82   1.58355010125397    -5   5.04728520258751    -4  -9.89631346889415     0   3.09812644510151     2  13w
    83   6.24415605481721    -6   2.11970043659846    -4  -2.35774272801695     1   7.85259331445230     2  13w
    84   2.41100673098052    -6   8.60394729912777    -5  -5.79038073704759     1   2.04021704521131     3  13w
    85   9.06377456325323    -7   3.40643746458178    -5  -1.46259668007865     2   5.42681852697304     3  13w
    86   3.33796027556455    -7   1.31143211427028    -5  -3.79255887944644     2   1.47614296830105     4  13w
    87   1.20140683841563    -7   4.93376243434824    -6  -1.00794695543504     3   4.10187383398583     4  13w
    88   4.24039528087357    -8   1.81190494381688    -6  -2.74185153092550     3   1.16333865787572     5  13w
    89   1.46643136085497    -8   6.51423374541634    -7  -7.62483891094018     3   3.36462512806069     5  13w
    90   4.97883327866130    -9   2.29236616773734    -7  -2.16540538873257     4   9.91615458907403     5  13w
    91   1.65932651676926    -9   7.91000804742350    -8  -6.27424819020439     4   2.97593914247774     6  13w
    92   5.43540240570234   -10   2.67687942996925    -8  -1.85324421306581     5   9.08870846648205     6  13w
    93   1.75019532477356   -10   8.89536277176900    -9  -5.57599559527218     5   2.82307903906436     7  13w
    94   5.54472306344403   -11   2.90357302807007    -9  -1.70777979231478     6   8.91356826952446     7  13w
    95   1.72872386940994   -11   9.31777675905616   -10  -5.32093743079125     6   2.85936896781281     8  13w
    96   5.30769650153182   -12   2.94084740818217   -10  -1.68554842278901     7   9.31486829938065     8  13w
    97   1.60529009246655   -12   9.13480326935821   -11  -5.42576552810973     7   3.08022833612435     9  13w
    98   4.78506292614512   -13   2.79358028118727   -11  -1.77392383537918     8   1.03350604338875    10  13w
    99   1.40618491635401   -13   8.41561482789466   -12  -5.88797630922670     8   3.51724440225954    10  13w
   100   4.07564761678153   -14   2.49822810217241   -12  -1.98322080754089     9   1.21366040685928    11  13w
   101   1.16540923910919   -14   7.31118090734416   -13  -6.77608998010562     9   4.24474765095541    11  13w
   102   3.28880667577491   -15   2.11007632431188   -13  -2.34763499703175    10   1.50428455101623    12  13w
   103   9.16211791585210   -16   6.00790545260099   -14  -8.24471303844836    10   5.40010999920356    12  13w
   104   2.52046588054308   -16   1.68808820435298   -14  -2.93408957801203    11   1.96312440888375    13  13w
   105   6.84862483576491   -17   4.68222199495066   -15  -1.05777078735671    12   7.22520589387683    13  13w
   106   1.83855898513958   -17   1.28237224688253   -15  -3.86193677870155    12   2.69153701066186    14  13w
   107   4.87758044761183   -18   3.46898582483415   -16  -1.42756538019104    13   1.01459854619645    15  13w
   108   1.27904426193765   -18   9.27099665546822   -17  -5.34136498581128    13   3.86930503843814    15  13w
   109   3.31599235890880   -19   2.44846293695525   -17  -2.02240354338016    14   1.49252755850901    16  13w
   110   8.50118979885613   -20   6.39150351744950   -18  -7.74714927696221    14   5.82200495545324    16  13w
   111   2.15560415103927   -20   1.64949762857798   -18  -3.00177899269003    15   2.29613714868113    17  13w
   112   5.40709978200346   -21   4.20949386504560   -19  -1.17621541622195    16   9.15410981858650    17  13w
   113   1.34197308489910   -21   1.06249085739223   -19  -4.65992875701183    16   3.68849305122825    18  13w
   114   3.29596853558259   -22   2.65289621485936   -20  -1.86626258706390    17   1.50183143207086    19  13w
   115   8.01224046671392   -23   6.55382561156578   -21  -7.55418706024679    17   6.17818156678420    19  13w
   116   1.92808490627228   -23   1.60222996257478   -21  -3.08992599355301    18   2.56742743740017    20  13w
   117   4.59373534514895   -24   3.87688830246174   -22  -1.27697030176026    19   1.07762387285808    21  13w
   118   1.08377127094506   -24   9.28624157930364   -23  -5.33108833223925    19   4.56776519026477    21  13w
   119   2.53222712368243   -25   2.20222769244775   -23  -2.24794710708774    20   1.95499790770122    22  13w
   120   5.86030904742288   -26   5.17147565848592   -24  -9.57253143238776    20   8.44764112213232    22  13w
   121   1.34353318018058   -26   1.20270461604259   -24  -4.11600451074099    21   3.68480105093058    23  13w
   122   3.05169823837152   -27   2.77048283415302   -25  -1.78678929468159    22   1.62228393607095    24  13w
   123   6.86836527122428   -28   6.32210417330721   -26  -7.82999712014529    22   7.20809706019318    24  13w
   124   1.53191745259788   -28   1.42933197215545   -26  -3.46325901487514    23   3.23179506362914    25  13w
   125   3.38639285379472   -29   3.20201644945117   -27  -1.54592968975257    24   1.46199747533110    26  13w
   126   7.42006238291539   -30   7.10861243627266   -28  -6.96344270203139    24   6.67238131490120    26  13w
   127   1.61173150339878   -30   1.56410928696410   -28  -3.16473695303153    25   3.07184889637900    27  13w
   128   3.47086729419592   -31   3.41129138299016   -29  -1.45104890602461    26   1.42645599786257    28  13w
   129   7.41117979568970   -32   7.37542351071450   -30  -6.71135686146200    26   6.68055602079338    28  13w
   130   1.56921796122776   -32   1.58094587516776   -30  -3.13095602022727    27   3.15515002748636    29  13w
   131   3.29508833179859   -33   3.36010630555168   -31  -1.47311909331286    28   1.50258592370973    30  13w
   132   6.86244426854905   -34   7.08170375949592   -32  -6.98956647395725    28   7.21490184498028    30  13w
   133   1.41761252302620   -34   1.48017377016198   -32  -3.34404883046850    29   3.49264460745599    31  13w
   134   2.90496616478654   -35   3.06844356260340   -33  -1.61311257669653    30   1.70440718288180    32  13w
   135   5.90563071246355   -36   6.30947461001018   -34  -7.84489789358893    30   8.38398459420819    32  13w
   136   1.19115704476106   -36   1.28699218540254   -34  -3.84593922387236    31   4.15671165622518    33  13w
   137   2.38387894683959   -37   2.60437351387790   -35  -1.90052261098858    32   2.07700116442124    34  13w
   138   4.73419143209935   -38   5.22891120905310   -36  -9.46592732951536    32   1.04586830048732    35  13w
   139   9.33011527483262   -39   1.04168146891319   -36  -4.75157673656196    33   5.30685904575070    35  13w
   140   1.82490426796537   -39   2.05924682137270   -37  -2.40360254145148    34   2.71322682104474    36  13w
   141   3.54271775601974   -40   4.03984695342230   -38  -1.22519335534917    35   1.39762656695866    37  13w
   142   6.82664240127283   -41   7.86569081259907   -39  -6.29261652383253    35   7.25307143701389    37  13w
   143   1.30581572554165   -41   1.52004303948429   -39  -3.25619903713541    36   3.79182707068636    38  13w
   144   2.47964825075179   -42   2.91576681101688   -40  -1.69751188656330    37   1.99683212220154    39  13w
   145   4.67477089078308   -43   5.55210505429478   -41  -8.91470154296963    37   1.05918648534139    40  13w
   146   8.75025329701189   -44   1.04954225631832   -41  -4.71588826060374    38   5.65865458445821    40  13w
   147   1.62629117514695   -44   1.96973703217043   -42  -2.51277853427939    39   3.04464369115781    41  13w
   148   3.00137398649230   -45   3.67037706799508   -43  -1.34849978193039    40   1.64974023413958    42  13w
   149   5.50062718424698   -46   6.79101421778856   -44  -7.28829748769550    40   9.00169516477872    42  13w
   150   1.00115240421617   -46   1.24769066268246   -44  -3.96691629167005    41   4.94580611443155    43  13w
   151   1.80971057491651   -47   2.27642715456537   -45  -2.17423004936221    42   2.73608047772953    44  13w
   152   3.24910342961131   -48   4.12478001830097   -46  -1.19993523218995    43   1.52396540685372    45  13w
   153   5.79411973653085   -49   7.42289194697598   -47  -6.66783518849866    43   8.54578143310431    45  13w
   154   1.02637120567952   -49   1.32676920909641   -47  -3.73045717785557    44   4.82431146955285    46  13w
   155   1.80608255097752   -50   2.35554609829057   -48  -2.10119002161946    45   2.74159126288950    47  13w
   156   3.15725385538587   -51   4.15418086431108   -49  -1.19143697791159    46   1.56830765948397    48  13w
   157   5.48330447911463   -52   7.27779606942788   -50  -6.80074002609648    46   9.03023024666486    48  13w
   158   9.46145523307004   -53   1.26665316931084   -50  -3.90749076007964    47   5.23339636633838    49  13w
   159   1.62209984801016   -53   2.19018660524798   -51  -2.25982188645376    48   3.05256083904255    50  13w
   160   2.76326318281789   -54   3.76263326303731   -52  -1.31541602520376    49   1.79192558951132    51  13w
   161   4.67748613715349   -55   6.42260794463790   -53  -7.70625417476745    49   1.05859537050326    52  13w
   162   7.86807616184875   -56   1.08933301537621   -53  -4.54353448158952    50   6.29323849929634    52  13w
   163   1.31525579464701   -56   1.83594746122536   -54  -2.69583947362699    51   3.76472050660092    53  13w
   164   2.18502796408263   -57   3.07489564215318   -55  -1.60962128364144    52   2.26613696017512    54  13w
   165   3.60768014677249   -58   5.11788968178585   -56  -9.67081337608846    52   1.37250928529341    55  13w
   166   5.92027825976239   -59   8.46567072420021   -57  -5.84645229906556    53   8.36375567986453    55  13w
   167   9.65645615978859   -60   1.39174894732201   -57  -3.55625394052710    54   5.12773769065597    56  13w
   168   1.56557245240471   -60   2.27409362219061   -58  -2.17643264558024    55   3.16279102443510    57  13w
   169   2.52305196040418   -61   3.69336474682999   -59  -1.34008176644360    56   1.96253562061570    58  13w
   170   4.04198253266875   -62   5.96239409650200   -60  -8.30104493582922    56   1.22503744807675    59  13w
   171   6.43717309539842   -63   9.56801112583277   -61  -5.17287203687708    57   7.69216596399212    59  13w
   172   1.01916731110548   -63   1.52631010855611   -61  -3.24272864284146    58   4.85845703466060    60  13w
   173   1.60421319055367   -64   2.42047899985866   -62  -2.04480579325331    59   3.08661008824020    61  13w
   174   2.51050721217132   -65   3.81605234241583   -63  -1.29699731272053    60   1.97234265716891    62  13w
   175   3.90624874460564   -66   5.98134092906587   -64  -8.27474977890475    60   1.26760492475387    63  13w
   176   6.04328864737852   -67   9.32117203454145   -65  -5.30985847380633    61   8.19351839137487    63  13w
   177   9.29645882229057   -68   1.44426360241867   -65  -3.42694439662829    62   5.32630664439066    64  13w
   178   1.42202765583350   -68   2.22506335734879   -66  -2.22439141480819    63   3.48205483149812    65  13w
   179   2.16301782523422   -69   3.40858416133350   -67  -1.45204357560192    64   2.28919859461211    66  13w
   180   3.27181527282645   -70   5.19226562262867   -68  -9.53228151937885    64   1.51340339300496    67  13w
   181   4.92162945960333   -71   7.86513727449997   -69  -6.29285254814157    65   1.00608451443170    68  13w
   182   7.36266667552418   -72   1.18477886315719   -69  -4.17750209004627    66   6.72524526797969    68  13w
   183   1.09542304421107   -72   1.77486250427497   -70  -2.78862026501427    67   4.52023770920471    69  13w
   184   1.62092652935636   -73   2.64425409289873   -71  -1.87176377306818    68   3.05477823421215    70  13w
   185   2.38557750400454   -74   3.91802432910796   -72  -1.26324396385759    69   2.07562718323135    71  13w
   186   3.49209701090958   -75   5.77391996574629   -73  -8.57203125334625    69   1.41793536762326    72  13w
   187   5.08458223058807   -76   8.46307317681499   -74  -5.84825851987255    70   9.73839323152398    72  13w
   188   7.36400221105890   -77   1.23382328165064   -74  -4.01145437583249    71   6.72401250693878    73  13w
   189   1.06090251252619   -77   1.78920040758852   -75  -2.76627910316609    72   4.66731140859588    74  13w
   190   1.52038324942605   -78   2.58083136512268   -76  -1.91776562148050    73   3.25678438907310    75  13w
   191   2.16750261873453   -79   3.70312309788031   -77  -1.33655608285582    74   2.28445324779582    76  13w
   192   3.07402857293508   -80   5.28564077005535   -78  -9.36392391351295    74   1.61077107158641    77  13w
   193   4.33721026735616   -81   7.50517861968573   -79  -6.59469442283105    75   1.14164493654327    78  13w
   194   6.08807222332408   -82   1.06015915480707   -79  -4.66858032614762    76   8.13320168463576    78  13w
   195   8.50213765225732   -83   1.48984242354504   -80  -3.32212344165940    77   5.82388789960095    79  13w
   196   1.18132013990780   -83   2.08296160721515   -81  -2.37615649707936    78   4.19153722651785    80  13w
   197   1.63309028841260   -84   2.89738442982465   -82  -1.70824591597111    79   3.03200932299744    81  13w
   198   2.24629981235237   -85   4.00983979400235   -83  -1.23432550434124    80   2.20431063819794    82  13w
   199   3.07433976658896   -86   5.52148539165365   -84  -8.96398273795917    80   1.61060276386954    83  13w
   200   4.18672235371569   -87   7.56492550733078   -85  -6.54263211882858    81   1.18267638037537    84  13w
   201   5.67343413689173   -88   1.03129966809456   -85  -4.79924035210798    82   8.72758015216465    84  13w
   202   7.65030407338643   -89   1.39896910561526   -86  -3.53793198014149    83   6.47233431968922    85  13w
   203   1.02655762547124   -89   1.88836431333447   -87  -2.62103032246160    84   4.82343109733648    86  13w
   204   1.37079000406183   -90   2.53646641027111   -88  -1.95132201294830    85   3.61217060444847    87  13w
   205   1.82159723790286   -91   3.39038672680591   -89  -1.45985274951646    86   2.71823244509234    88  13w
   206   2.40900873370949   -92   4.50979860041232   -90  -1.09749203733530    87   2.05541888486513    89  13w
   207   3.17058647734925   -93   5.96985392680744   -91  -8.29077362189684    87   1.56170455784391    90  13w
   208   4.15304419101430   -94   7.86465452331827   -92  -6.29331326087468    88   1.19226196758125    91  12w
   209   5.41414162738409   -95   1.03113516693721   -92  -4.80002656609326    89   9.14551972455629    91  13w
   210   7.02488237648019   -96   1.34549487310704   -93  -3.67855652674618    90   7.04853246855281    92  13w
   211   9.07204189286970   -97   1.74738809616963   -94  -2.83250282386814    91   5.45798668115450    93  13w
   212   1.16610493153181   -97   2.25864427445542   -95  -2.19135193529304    92   4.24619214202198    94  13w
   213   1.49192417694649   -98   2.90581250090704   -96  -1.70330580509883    93   3.31887027115574    95  13w
   214   1.89995029426061   -99   3.72099135822343   -97  -1.33015361689229    94   2.60612080242392    96  13w
   215   2.40842885436069  -100   4.74275821182844   -98  -1.04358955620184    95   2.05590343787401    97  13w
   216   3.03900295929268  -101   6.01719903073486   -99  -8.22558094975715    95   1.62931540163799    98  13w
   217   3.81718901679770  -102   7.59903687157605  -100  -6.51332359502626    96   1.29715648392298    99  13w
   218   4.77288391775771  -103   9.55285354158513  -101  -5.18117591349992    97   1.03742071184727   100  13w
   219   5.94089759795892  -104   1.19543946279535  -101  -4.14032201608992    98   8.33457518944063   100  13w
   220   7.36150273381769  -105   1.48919430456604  -102  -3.32361410264031    99   6.72618497312537   101  13w
   221   9.08099086405807  -106   1.84677405474881  -103  -2.68008425306421   100   5.45257682783029   102  13w
   222   1.11522215925513  -106   2.27994303305558  -104  -2.17089324895006   101   4.43990205849752   103  13w
   223   1.36351487766284  -107   2.80214870784040  -105  -1.76632874750497   102   3.63140466061850   104  13w
   224   1.65973048243133  -108   3.42865936587343  -106  -1.44357259532384   103   2.98329846450816   105  12w
   225   2.01142215162971  -109   4.17669164661658  -107  -1.18503399387846   104   2.46167544282497   106  13w
   226   2.42697632553893  -110   5.06552243184569  -108  -9.77100493592271   104   2.04017879303009   107  13w
   227   2.91563464648188  -111   6.11657891927378  -109  -8.09198641874875   105   1.69824526903181   108  13w
   228   3.48750171568368  -112   7.35350012770221  -110  -6.73084946541224   106   1.41977273771575   109  13w
   229   4.15353576320973  -113   8.80216261971635  -111  -5.62308757463001   107   1.19210649807999   110  13w
   230   4.92551930075456  -114   1.04906629268090  -111  -4.71803931204165   108   1.00526539170096   111  13w
   231   5.81600689601179  -115   1.24492490625566  -112  -3.97577305047666   109   8.51348922960677   111  13w
   232   6.83824738559400  -116   1.47101936524343  -113  -3.36470198091447   110   7.24081485738987   112  12w
   233   8.00607814283315  -117   1.73076016312265  -114  -2.85975189103248   111   6.18460794568776   113  13w
   234   9.33378944594819  -118   2.02771461924225  -115  -2.44094877866369   112   5.30485780118116   114  13w
   235   1.08359575556898  -118   2.36557277423899  -116  -2.09232641132345   113   4.56945284264434   115  13w
   236   1.25272458093829  -119   2.74810520290267  -117  -1.80107852280757   114   3.95253427208833   116  13w
   237   1.44221738644536  -120   3.17911253812605  -118  -1.55689868203437   115   3.43320918531322   117  13w
   238   1.65348561669985  -121   3.66236670989336  -119  -1.35146460444028   116   2.99454139310332   118  13w
   239   1.88787117612336  -122   4.20154414432527  -120  -1.17803399362907   117   2.62275749208117   119  13w
   240   2.14661486686431  -123   4.80015143500963  -121  -1.03112677586188   118   2.30662029906302   120  13w
   241   2.43082272200329  -124   5.46144428592199  -122  -9.06274467463812   118   2.03693282211965   121  13w
   242   2.74143078824096  -125   6.18834082421959  -123  -7.99821872283646   119   1.80614435932208   122  13w
   243   3.07916902439405  -126   6.98333068264495  -124  -7.08769696739909   120   1.60803674290391   123  13w
   244   3.44452508590040  -127   7.84838154447494  -125  -6.30649256909539   121   1.43747366808622   124  13w
   245   3.83770885645275  -128   8.78484511725555  -126  -5.63422431971927   122   1.29019982592578   125  13w
   246   4.25861866114883  -129   9.79336474278203  -127  -5.05401538122646   123   1.16267947158156   126  13w
   247   4.70681014667743  -130   1.08737870476810  -127  -4.55184967190162   124   1.05196630927926   127  13w
   248   5.18146883901126  -131   1.20250801797886  -128  -4.11605337729667   125   9.55598318589216   127  13w
   249   5.68138738442319  -132   1.32452612495444  -129  -3.73687606096763   126   8.71512501350787   128  13w
   250   6.20494844285122  -133   1.45313355937812  -130  -3.40615128451271   127   7.97975584288731   129  13w
   251   6.75011413217919  -134   1.58792503946106  -131  -3.11702087917173   128   7.33527537385766   130  13w
   252   7.31442281755113  -135   1.72838650142723  -132  -2.86371031730610   129   6.76935414602937   131  13w
   253   7.89499390238169  -136   1.87389401466204  -133  -2.64134522152949   130   6.27155531587676   132  13w
   254   8.48854110957613  -137   2.02371475394134  -134  -2.44580108303680   131   5.83302395328785   133  13w
   255   9.09139454632369  -138   2.17701016144080  -135  -2.27357986239291   132   5.44623117004144   134  13w
   256   9.69953162862452  -139   2.33284138135217  -136  -2.12170841090550   133   5.10476289831813   135  13w
   257   1.03086167085867  -139   2.49017699415621  -137  -1.98765465224645   134   4.80314512764250   136  13w
   258   1.09140490055632  -140   2.64790301747568  -138  -1.86925825914608   135   4.53669899379382   137  13w
   259   1.15110181991928  -141   2.80483507777058  -139  -1.76467319297306   136   4.30142037904600   138  13w
   260   1.20945668066051  -142   2.95973259394902  -140  -1.67231997924856   137   4.09387969663515   139  13w
   261   1.26596582458217  -143   3.11131475239220  -141  -1.59084599648774   138   3.91113834608277   140  13w
   262   1.32012492907927  -144   3.25827799508398  -142  -1.51909238024203   139   3.75067898113324   141  13w
   263   1.37143654581845  -145   3.39931469064250  -143  -1.45606640532212   140   3.61034726101206   142  13w
   264   1.41941777385376  -146   3.53313261403078  -144  -1.40091841989678   141   3.48830318408172   143  13w
   265   1.46360790002453  -147   3.65847482635619  -145  -1.35292257571970   142   3.38298045101271   144  12w
   266   1.50357583579113  -148   3.77413952289432  -146  -1.31146073723653   143   3.29305258838244   145  12w
   267   1.53892718093772  -149   3.87899940638609  -147  -1.27600906519032   144   3.21740479596721   146  12w
   268   1.56931075085881  -150   3.97202014440240  -148  -1.24612686268952   145   3.15511067213200   147  13w
   269   1.59442441532569  -151   4.05227748436618  -149  -1.22144734761427   146   3.10541312986748   148  12w
   270   1.61402011238420  -152   4.11897262736572  -150  -1.20167007798500   147   3.06770894778465   149  13w
   271   1.62790792089717  -153   4.17144550146581  -151  -1.18655480914363   148   3.04153651112916   150  12w
   272   1.63595909857712  -154   4.20918562560490  -152  -1.17591660544218   149   3.02656639201998   151  13w
   273   1.63810801840980  -155   4.23184031479581  -153  -1.16962206633391   150   3.02259449925031   152  13w
   274   1.63435296429072  -156   4.23922004427099  -154  -1.16758655877069   151   3.02953759917876   153  13w
   275   1.62475577557421  -157   4.23130086226342  -155  -1.16977237581468   152   3.04743107303231   154  12w
   276   1.60944035913381  -158   4.20822381593066  -156  -1.17618776640387   153   3.07642883460920   155  12w
   277   1.58859011551780  -159   4.17029143006395  -157  -1.18688680414794   154   3.11680538790328   156  12w
   278   1.56244435198792  -160   4.11796135128393  -158  -1.20197008466309   155   3.16896005842904   157  13w
   279   1.53129377884530  -161   4.05183733909024  -159  -1.22158626200675   156   3.23342348678845   158  13w
   280   1.49547520579093  -162   3.97265784730452  -160  -1.24593445593926   157   3.31086653006539   159  12w
   281   1.45536557158738  -163   3.88128249332058  -161  -1.27526758370230   158   3.40211177778985   160  12w
   282   1.41137545257101  -164   3.77867675663267  -162  -1.30989669347963   159   3.50814795648392   161  13w
   283   1.36394220337940  -165   3.66589528130315  -163  -1.35019640244883   160   3.63014757236249   162  12w
   284   1.31352288651550  -166   3.54406417863269  -164  -1.39661157118747   161   3.76948822813053   163  13w
   285   1.26058714616261  -167   3.41436273609133  -165  -1.44966537911926   162   3.92777814990102   164  12w
   286   1.20561017621600  -168   3.27800493670359  -166  -1.50996900377609   163   4.10688657746986   165  13w
   287   1.14906592318333  -169   3.13622118013657  -167  -1.57823315122397   164   4.30897980964474   166  13w
   288   1.09142065190207  -170   2.99024057361657  -168  -1.65528173759492   165   4.53656386092586   167  13w
   289   1.03312698650535  -171   2.84127412873931  -169  -1.74206808416602   166   4.79253488258479   168  13w
   290   9.74618521368091  -173   2.69049916068471  -170  -1.83969406308237   167   5.08023873732652   169  12w
   291   9.16305077558760  -174   2.53904514095242  -171  -1.94943272039411   168   5.40354140115763   170  13w
   292   8.58568660282478  -175   2.38798120521654  -172  -2.07275501093644   169   5.76691220973095   171  13w
   293   8.01760152596662  -176   2.23830546604028  -173  -2.21136140985746   170   6.17552238272227   172  13w
   294   7.46196760928679  -177   2.09093622770955  -174  -2.36721932337231   171   6.63536176527328   173  12w
   295   6.92160209190484  -178   1.94670514897768  -175  -2.54260741286629   172   7.15337734069561   174  13w
   296   6.39895661051802  -179   1.80635235053198  -176  -2.74016817953077   173   7.73763781883332   175  13w
   297   5.89611334599867  -180   1.67052341879048  -177  -2.96297044088308   174   8.39752952119089   176  12w
   298   5.41478760480082  -181   1.53976821725942  -178  -3.21458367772185   175   9.14398990635043   177  13w
   299   4.95633623884307  -182   1.41454138195375  -179  -3.49916665508684   176   9.98978645603953   178  12w
   300   4.52177122535648  -183   1.29520434884692  -180  -3.82157324209484   177   1.09498503344142   180  12w
   301   4.11177767128672  -184   1.18202873928986  -181  -4.18747899612024   178   1.20416763167892   181  12w
   302   3.72673547448509  -185   1.07520091386998  -182  -4.60353286545838   179   1.32858030545420   182  12w
   303   3.36674386473313  -186   9.74827496127064  -184  -5.07753933742457   180   1.47063909199828   183  13w
   304   3.03164805953368  -187   8.80941664535832  -185  -5.61867756099481   181   1.63319186089781   184  13w
   305   2.72106730011327  -188   7.93510013707880  -186  -6.23776546150182   182   1.81960245597059   185  12w
   306   2.43442357930818  -189   7.12439793200307  -187  -6.94757871112347   183   2.03385253121046   186  13w
   307   2.17097043197096  -190   6.37586343930815  -188  -7.76323671331265   184   2.28066504867338   187  13w
   308   1.92982122706379  -191   5.68760567186551  -189  -8.70267061609325   185   2.56565434866551   188  13w
   309   1.70997647567705  -192   5.05736278780362  -190  -9.78719193288255   186   2.89550888073146   189  13w
   310   1.51034974788969  -193   4.48257320247936  -191  -1.10421848036053   188   3.27821415945640   190  13w
   311   1.32979187099833  -194   3.96044319333745  -192  -1.24979505064477   189   3.72332536060705   191  13w
   312   1.16711315980349  -195   3.48801012678303  -193  -1.41907398284750   190   4.24230130094437   192  13w
   313   1.02110350431177  -196   3.06220063966966  -194  -1.61640177001076   191   4.84891447733991   193  13w
   314   8.90550209729434  -198   2.67988330292928  -195  -1.84700155779820   192   5.55975554178650   194  13w
   315   7.74253546693648  -199   2.33791547680643  -196  -2.11716410425775   193   6.39485526914348   195  13w
   316   6.71040025399828  -200   2.03318423266442  -197  -2.43448317559232   194   7.37845300473531   196  13w
   317   5.79773455075251  -201   1.76264136293042  -198  -2.80814633221668   195   8.53994810790544   197  13w
   318   4.99363889882734  -202   1.52333262689454  -199  -3.24929490251601   196   9.91508048523131   198  12w
   319   4.28774593864754  -203   1.31242148508130  -200  -3.77147055793203   197   1.15473985149179   200  13w
   320   3.67027181246019  -204   1.12720765881677  -201  -4.39117051165109   198   1.34900882553105   201  13w
   321   3.13205104796039  -205   9.65140915136248  -203  -5.12853924830026   199   1.58082577830831   202  13w
   322   2.66455674650293  -206   8.23830521529388  -204  -6.00823222230145   200   1.85817960917520   203  13w
   323   2.25990793749301  -207   7.01050841839381  -205  -7.06049661707576   201   2.19089588547469   204  13w
   324   1.91086594693488  -208   5.94743555841118  -206  -8.32252666037609   202   2.59108756811404   205  12w
   325   1.61082157169162  -209   5.03016982719372  -207  -9.84016695731707   203   3.07372280934005   206  12w
   326   1.35377476014834  -210   4.24142975035309  -208  -1.16700578975532   205   3.65734180401246   207  13w
   327   1.13430838273031  -211   3.56551826986893  -209  -1.38823438123594   206   4.36496381868905   208  12w
   328   9.47557539626678  -213   2.98825610936469  -210  -1.65640990336252   207   5.22523739046550   209  13w
   329   7.89175704947201  -214   2.49690321268614  -211  -1.98236717504219   208   6.27390212329831   210  13w
   330   6.55298852417524  -215   2.08007166442380  -212  -2.37962037468059   209   7.55565062762659   211  13w
   331   5.42508552782061  -216   1.72763310205766  -213  -2.86506599323963   210   9.12650542395876   212  13w
   332   4.47794881616422  -217   1.43062322708390  -214  -3.45988005965070   211   1.10568600178652   214  13w
   333   3.68519831691425  -218   1.18114562820195  -215  -4.19066588878045   212   1.34353784503186   215  13w
   334   3.02381788985005  -219   9.72276752505395  -217  -5.09092559230330   213   1.63740068920765   216  12w
   335   2.47381507763053  -220   7.97973507613082  -218  -6.20295091768776   214   2.00144288974637   217  12w
   336   2.01789909023177  -221   6.52984653790724  -219  -7.58025837625110   215   2.45363989285551   218  13w
   337   1.64117928608638  -222   5.32766853573776  -220  -9.29073240825989   216   3.01685249651933   219  13w
   338   1.33088556544852  -223   4.33405988867542  -221  -1.14206916188985   218   3.72022515151523   220  13w
   339   1.07611137322277  -224   3.51544132342233  -222  -1.40801610734237   219   4.60100340393816   221  12w
   340   8.67579413183987  -226   2.84312370433226  -223  -1.74097238699751   220   5.70690147980692   222  12w
   341   6.97429694612446  -227   2.29269517854517  -224  -2.15894452686211   221   7.09919355280395   223  12w
   342   5.59029155668676  -228   1.84346636050852  -225  -2.68505227442699   222   8.85675908794925   224  13w
   343   4.46801824189281  -229   1.47797167838025  -226  -3.34905292462903   223   1.10813887924378   226  13w
   344   3.56078274438279  -230   1.18152424734617  -227  -4.18934033923173   224   1.39047598891928   227  12w
   345   2.82963006175535  -231   9.41821091748058  -229  -5.25557247029045   225   1.74976268601294   228  13w
   346   2.24218299076608  -232   7.48595179155083  -230  -6.61213288771161   226   2.20819590360226   229  12w
   347   1.77163070586635  -233   5.93310526101435  -231  -8.34270146796787   227   2.79470065942536   230  13w
   348   1.39585279090344  -234   4.68896559792349  -232  -1.05563034716032   229   3.54706151631268   231  12w
   349   1.09666458173283  -235   3.69517947452505  -233  -1.33953335488068   230   4.51475685737026   232  13w
   350   8.59170341022742  -237   2.90376212436992  -234  -1.70462238793171   231   5.76273637040031   233  13w
   351   6.71211608689685  -238   2.27539623678944  -235  -2.17536603342899   232   7.37646719575030   234  12w
   352   5.22898996358161  -239   1.77798055143168  -236  -2.78395701993659   233   9.46869031309051   235  13w
   353   4.06216675720586  -240   1.38539749956552  -237  -3.57285413184606   234   1.21884876086276   237  13w
   354   3.14689811274151  -241   1.07647177566626  -238  -4.59819293673236   235   1.57334778762076   238  13w
   355   2.43106178187113  -242   8.34094317233657  -240  -5.93437281601226   236   2.03662592771197   239  13w
   356   1.87284163613411  -243   6.44488744679063  -241  -7.68024019294250   237   2.64366278637789   240  13w
   357   1.43880258330743  -244   4.96599806746057  -242  -9.96744260483210   238   3.44116704066287   241  12w
   358   1.10229993998272  -245   3.81585746678189  -243  -1.29717417825605   240   4.49166161187746   242  13w
   359   8.42170627664652  -247   2.92398720197548  -244  -1.69283691289573   241   5.87904216560117   243  12w
   360   6.41660670491244  -248   2.23439439624733  -245  -2.21529160798264   242   7.71615773223173   244  13w
   361   4.87549873485317  -249   1.70274079655719  -246  -2.90698199258717   243   1.01551729056574   246  13w
   362   3.69440265667709  -250   1.29403157192391  -247  -3.82512962735627   244   1.34017649255454   247  12w
   363   2.79179932353788  -251   9.80735935534237  -249  -5.04706719538680   245   1.77346197117208   248  12w
   364   2.10398276185558  -252   7.41264898425886  -250  -6.67756133253603   246   2.35322663563487   249  13w
   365   1.58132584417604  -253   5.58743055706174  -251  -8.85889036107963   247   3.13100974522704   250  12w
   366   1.18529091881025  -254   4.20021390179882  -252  -1.17847453158498   249   4.17715592852154   251  12w
   367   8.86045673557795  -256   3.14886785215711  -253  -1.57194489423871   250   5.58790986055916   252  13w
   368   6.60568676288006  -257   2.35431404742594  -254  -2.10245883425252   251   7.49527173952142   253  13w
   369   4.91149481593334  -258   1.75551458288527  -255  -2.81960060778461   252   1.00807194137106   255  12w
   370   3.64205389265698  -259   1.30550252902166  -256  -3.79152968655887   253   1.35943581568882   256  13w
   371   2.69351320623215  -260   9.68249641366668  -258  -5.11216631077568   254   1.83817064291317   257  13w
   372   1.98671237478638  -261   7.16203484150121  -259  -6.91124087151299   255   2.49212486410585   258  13w
   373   1.46149420430457  -262   5.28357723897031  -260  -9.36838084449164   256   3.38772039248004   259  13w
   374   1.07228063047260  -263   3.88745443032634  -261  -1.27329028510239   258   4.61738466441885   260  12w
   375   7.84643030538181  -265   2.85266804556096  -262  -1.73516842966494   259   6.31004211258074   261  13w
   376   5.72652415449072  -266   2.08779993262875  -263  -2.37085030105492   260   8.64595846734054   262  12w
   377   4.16839041934086  -267   1.52398699408088  -264  -3.24796909469233   261   1.18777920094767   264  12w
   378   3.02626520180903  -268   1.10951043098324  -265  -4.46130479786904   262   1.63605155523691   265  13w
   379   2.19134043429311  -269   8.05642294845377  -267  -6.14399937187816   263   2.25940445767330   266  13w
   380   1.58263202227757  -270   5.83467730464956  -268  -8.48353222029521   264   3.12841060866637   267  13w
   381   1.14004032384682  -271   4.21461687610103  -269  -1.17445285463114   266   4.34293522266819   268  12w
   382   8.19093667858174  -273   3.03646991896251  -270  -1.63013975994096   267   6.04463194934907   269  12w
   383   5.86979487697524  -274   2.18198828869686  -271  -2.26851440355574   268   8.43490844481218   270  13w
   384   4.19557197296731  -275   1.56390840159061  -272  -3.16506603962288   269   1.18008146683112   272  12w
   385   2.99117071098330  -276   1.11801743124984  -273  -4.42736824616651   270   1.65524328218840   273  12w
   386   2.12704099870163  -277   7.97199624722543  -275  -6.20908015545672   271   2.32770018642320   274  12w
   387   1.50868304290068  -278   5.66982578287143  -276  -8.73021155963589   272   3.28174447458252   275  12w
   388   1.06735890667159  -279   4.02215975356263  -277  -1.23065209860169   274   4.63865596326588   276  12w
   389   7.53210021065975  -281   2.84602512751548  -278  -1.73922597157085   275   6.57334494100970   277  12w
   390   5.30173050206510  -282   2.00868012321058  -279  -2.46424616322607   276   9.33866368784995   278  12w
   391   3.72235633690199  -283   1.41409401005843  -280  -3.50039227535078   277   1.33010004993306   280  12w
   392   2.60687231053796  -284   9.92988064683855  -282  -4.98483857115458   278   1.89925101949316   281  13w
   393   1.82106669921011  -285   6.95521888182524  -283  -7.11679494092746   279   2.71879302720553   282  13w
   394   1.26893382900830  -286   4.85938569619076  -284  -1.01862424752891   281   3.90178107604272   283  13w
   395   8.81986348597972  -288   3.38655778251443  -285  -1.46162854815854   282   5.61357958880984   284  13w
   396   6.11501092688173  -289   2.35420837001003  -286  -2.10257130517660   283   8.09663170355964   285  13w
   397   4.22909855955412  -290   1.63246292060070  -287  -3.03216221737284   284   1.17072176024772   287  12w
   398   2.91753627999094  -291   1.12916259046603  -288  -4.38368561666622   285   1.69701275910838   288  12w
   399   2.00772993764802  -292   7.79088988412792  -290  -6.35344009687504   286   2.46601636413046   289  12w
   400   1.37821687576269  -293   5.36213526807051  -291  -9.23120431622779   287   3.59239069191441   290  12w
   401   9.43747307347581  -295   3.68138511576095  -292  -1.34457489947066   289   5.24620524850882   291  12w
   402   6.44647678414252  -296   2.52121675684796  -293  -1.96329784068614   290   7.68030483964173   292  12w
   403   4.39258611393891  -297   1.72241266432067  -294  -2.87381816431480   291   1.12714678082886   294  13w
   404   2.98573957995414  -298   1.17380231135773  -295  -4.21698111660355   292   1.65824506284133   295  12w
   405   2.02451010504755  -299   7.97969065891798  -297  -6.20312712307722   293   2.44557265022093   296  12w
   406   1.36938934702829  -300   5.41144318879904  -298  -9.14710688383232   294   3.61554234767606   297  12w
   407   9.24007489505927  -302   3.66082271518461  -299  -1.35212947248570   296   5.35827238252285   298  13w
   408   6.21968160332671  -303   2.47050319435995  -300  -2.00360301272462   297   7.96034712322955   299  12w
   409   4.17645188253099  -304   1.66316692263726  -301  -2.97619494850055   298   1.18547543335840   301  12w
   410   2.79766699488113  -305   1.11694686117047  -302  -4.43164353682571   299   1.76971732868332   302  13w
   411   1.86954658920481  -306   7.48303855198166  -304  -6.61484187562049   300   2.64827763616362   303  13w
   412   1.24632359409004  -307   5.00120645295318  -305  -9.89743786139100   301   3.97254542277681   304  13w
   413   8.28861745919211  -309   3.33445938690726  -306  -1.48447282237781   303   5.97334330628690   305  12w
   414   5.49911273035912  -310   2.21785136791448  -307  -2.23185184103391   304   9.00340597321731   306  12w
   415   3.63969402406461  -311   1.47162885872218  -308  -3.36356340459380   305   1.36029927019500   308  13w
   416   2.40326312581553  -312   9.74149224083136  -310  -5.08127313764198   306   2.06014554188344   309  13w
   417   1.58308568162504  -313   6.43304351430746  -311  -7.69452216168501   307   3.12748107552563   310  13w
   418   1.04034315468760  -314   4.23812494330741  -312  -1.16795067483877   309   4.75907318572194   311  12w
   419   6.82056473077662  -316   2.78547803131527  -313  -1.77704585179175   310   7.25902929395792   312  13w
   420   4.46105939448832  -317   1.82640408801770  -314  -2.71020170232666   311   1.10984100248598   314  13w
   421   2.91093183327328  -318   1.19472397727380  -315  -4.14315343527554   312   1.70085238402684   315  13w
   422   1.89498084199008  -319   7.79676202390578  -317  -6.34869451210578   313   2.61272513260574   316  12w
   423   1.23071858108449  -320   5.07620753576605  -318  -9.75123113801722   314   4.02290407939356   317  13w
   424   7.97436689405843  -322   3.29719963404742  -319  -1.50125230917074   316   6.20872051709660   318  12w
   425   5.15489182727508  -323   2.13665438662862  -320  -2.31667313901461   317   9.60458616794508   319  13w
   426   3.32453676908830  -324   1.38136626414150  -321  -3.58335888783057   318   1.48924778485974   321  13w
   427   2.13911094325813  -325   8.90986862284976  -323  -5.55556152315112   319   2.31453996571385   322  13w
   428   1.37318292790780  -326   5.73355509483225  -324  -8.63327114219470   320   3.60553311882046   323  12w
   429   8.79465322901469  -328   3.68102909548874  -325  -1.34471493842503   322   5.62961967527638   324  13w
   430   5.61961540254625  -329   2.35781325842241  -326  -2.09937577957700   323   8.81030764003800   325  12w
   431   3.58256697544959  -330   1.50676932430070  -327  -3.28513276484280   324   1.38198472118407   327  12w
   432   2.27868441423066  -331   9.60690834027247  -329  -5.15247811747055   325   2.17276757066956   328  12w
   433   1.44603386650102  -332   6.11114135833662  -330  -8.09986126691986   326   3.42388272861414   329  13w
   434   9.15544450666729  -334   3.87851164547396  -331  -1.27624753626978   328   5.40776492443919   330  12w
   435   5.78348150499708  -335   2.45592007693936  -332  -2.01551434297846   329   8.56067051386307   331  12w
   436   3.64510851698456  -336   1.55157216591095  -333  -3.19027593581554   330   1.35827142932882   333  12w
   437   2.29216040136690  -337   9.78003936422389  -335  -5.06127261612761   331   2.15999087767942   334  13w
   438   1.43812027610042  -338   6.15066875391240  -336  -8.04781712889209   332   3.44271925380806   335  13w
   439   9.00250335100015  -340   3.85939667370357  -337  -1.28257013778003   334   5.49962936133804   336  12w
   440   5.62278477405300  -341   2.41620657790393  -338  -2.04864441320210   335   8.80532012338868   337  13w
   441   3.50398237267887  -342   1.50927535884963  -339  -3.27968601386616   336   1.41297537685190   339  13w
   442   2.17869701077861  -343   9.40643105747816  -341  -5.26230451156477   337   2.27247736393224   340  12w
   443   1.35163183739557  -344   5.84932077566496  -342  -8.46243832028827   338   3.66300817579572   341  13w
   444   8.36659617112294  -346   3.62921208388726  -343  -1.36391940662355   340   5.91762433106566   342  13w
   445   5.16737738425393  -347   2.24671392383928  -344  -2.20319725562751   341   9.58133261742086   343  13w
   446   3.18437847939205  -348   1.38775846772999  -345  -3.56687076371290   342   1.55478848554283   345  12w
   447   1.95800793537603  -349   8.55288883958651  -347  -5.78746707481851   343   2.52860764973892   346  13w
   448   1.20127271410024  -350   5.25952766934152  -348  -9.41141051362383   344   4.12148935083829   347  12w
   449   7.35374042839136  -352   3.22713971904895  -349  -1.53385318631350   346   6.73267108960375   348  13w
